4530
7613
68
814
2223
504
7059
8949
6754
2218
4940
4466
1021
244
4019
4597
5605
3663
5238
9583
7233
6936
616
1197
3185
6470
8139
5695
7180
4836
2155
4
5361
9183
8952
5316
735
3085
8540
3193
7984
2536
4459
3291
688
2518
9143
7879
1387
8886
707
6059
580
3625
624
4288
5795
8555
8563
4549
8646
5597
8551
6564
5752
6912
8847
627
2782
3967
8964
3481
6334
3625
6652
7370
2411
2202
5532
577
5387
8278
3140
362
1945
1905
7704
9625
5654
3870
1040
3434
3131
6417
6469
1702
2777
6403
7979
4958
1634
3154
254
9495
2976
3362
7173
5011
3330
9812
3588
3496
5464
9218
1293
4751
1540
5716
7990
9147
9888
6082
5109
3347
3214
7686
7256
4222
4474
9196
9458
3722
6908
442
1856
7065
7354
8790
6889
3673
7754
8297
6755
495
6357
2606
1731
2735
7016
5622
7292
9770
7267
4587
8361
9972
852
9135
6901
4128
2894
2416
391
9067
674
6682
1004
9362
7696
4394
5085
3937
6087
6011
2175
4425
3784
8350
441
1821
473
394
6415
9290
8501
8078
7965
2960
5824
3407
5680
1025
2937
4803
8623
1108
1640
7560
9223
4790
1942
7553
4787
4207
5548
8286
9242
7036
8996
3816
4611
4158
9068
7302
2403
1775
2313
6590
7831
7932
4183
6683
3789
5507
7151
8375
541
8090
337
4966
2149
2441
9969
4208
5441
5270
5454
1560
7898
3724
1037
5037
2741
2550
9156
5756
8748
6717
1155
9824
8730
876
6637
4280
448
908
7251
1075
7189
4593
8754
9130
42
4240
5411
4537
410
6539
4160
6908
8464
7659
4871
6179
6932
5433
8758
5890
8014
6857
2710
3815
7691
6211
581
5064
1820
4383
4315
9368
2523
9612
830
2934
4329
4653
3249
3315
1011
9442
695
7902
5811
4302
9910
3645
8787
1690
9782
8730
588
8949
4552
8599
8476
9142
9363
8144
5926
2944
9338
7500
6324
6336
4826
5103
6727
5334
2527
8511
2543
7902
7110
833
5062
2458
7245
2080
8438
7134
2215
6841
9499
2135
6604
7749
9571
8840
2365
132
4610
1539
6116
5763
2770
8017
8313
8281
1688
846
9298
2692
3330
6916
3634
5355
4332
5842
4450
2319
7313
4472
4558
5491
3247
3026
8390
3493
6899
7807
6084
7512
1556
5132
2605
2575
1100
7554
3152
8808
7648
1209
2940
4547
2928
919
1967
318
5370
2010
1784
6638
4713
7773
1502
4412
6459
5562
570
6409
3105
4764
7806
1344
8303
4720
137
1126
8147
6696
5923
448
5378
123
1762
4978
9694
3901
304
9215
7572
8150
3395
4066
6497
5697
6220
9144
7621
6771
315
1655
1568
4678
9327
9775
3608
1810
4764
9820
8509
8951
101
2389
9604
7177
9273
1556
8591
5655
4745
7042
9085
3418
6151
2303
2046
8407
1531
2026
4751
1762
2735
7875
3332
6767
7850
6539
4323
6021
6330
2692
8477
4002
8282
6043
5960
7621
3379
238
3639
732
5263
7707
8459
9898
1705
391
3330
5140
5807
8312
4382
8265
9913
7232
1601
1532
6004
6438
3396
1967
8039
5522
5575
302
1559
4917
7570
8837
7078
9923
5194
6222
3334
8398
4320
1867
8891
9888
3203
8972
5054
9093
6726
6894
5869
7314
4428
5777
912
9398
7503
3844
5383
971
2000
3758
8000
9769
7784
8011
436
8984
6461
7650
3313
8959
5601
2864
3010
2318
2149
2243
8650
7588
2378
5284
79
4846
2392
5697
8611
7037
1799
7542
2047
1171
4602
7304
2056
2361
3597
2861
4755
7216
7539
9244
68
7282
9794
2013
9090
1348
9658
4716
5047
6843
8736
6319
6915
3287
5289
4321
8592
7808
7953
9402
6113
8524
7836
4797
5651
3435
7812
4511
9093
7055
5057
7711
2932
3483
7286
3430
8383
7734
7720
8747
8426
652
6186
5651
8237
354
4755
2548
1804
1955
8353
853
4882
9372
4055
5684
2086
9409
1074
4227
4384
9402
1097
1344
6981
3613
5362
5951
5197
4393
6354
1654
8822
3324
4957
3172
962
1186
4139
9007
6891
6794
75
6858
9302
6807
3265
5055
6213
7760
6282
5150
8967
9524
8785
7090
9690
1214
8411
7708
4257
6944
1004
6975
512
8895
7148
2151
9540
8859
6884
806
16
4521
3954
5661
529
7167
2925
1635
7299
3020
5458
7877
5357
7570
684
2138
7496
6768
8738
1026
1101
5328
3051
2938
6699
8361
3069
7727
8952
9474
3234
6749
3743
7764
9900
7058
5160
5819
2607
4820
3701
505
1948
7259
9384
3751
8319
9820
3394
6632
5358
8515
310
4540
3122
2525
3276
2718
2754
5647
9906
9178
8970
6855
445
6591
9067
7245
1773
1068
4251
9637
4814
2427
365
7779
1499
5431
2876
843
8909
8107
1490
3141
9473
4552
2805
7082
2535
9426
8144
6029
774
8600
5295
4473
1118
1502
9571
4082
5205
7368
4438
5354
2947
5510
1865
7316
3033
9703
8793
8973
4268
8571
6513
1371
976
5833
3880
9781
9599
5625
7739
7229
6457
1791
6981
3622
6021
1524
3658
6230
9429
7603
499
7417
5175
8157
1876
4063
7464
8810
5690
3795
8612
1581
288
5577
1432
3922
4064
3444
7865
1126
5558
2033
205
1763
5440
819
7078
4647
8274
812
4383
4656
9591
9380
655
8182
209
905
2155
9300
1425
2404
6392
805
1794
595
2446
8791
3920
3737
9992
47
694
2206
4263
4185
1813
372
8454
7945
4529
4135
7081
4771
3364
3712
2383
6563
1046
2951
4038
6730
6340
9234
285
3495
2029
2238
7252
8669
8396
392
2368
1142
3056
8873
764
7540
4039
4972
1593
7215
424
9053
7477
1953
2896
6112
6298
826
8949
8043
1309
9504
8486
9281
2999
6390
2163
4428
6000
5000
8713
7319
3239
6913
6054
8677
7662
6169
2186
7056
322
4542
4366
1730
5785
6173
1919
4233
7540
5261
7330
6667
5412
969
7340
7591
3704
7640
5961
9235
3252
1051
8874
3559
4430
2354
5484
4710
7890
6939
9523
996
2182
904
2886
4232
3863
6011
7603
2623
9458
3601
371
1306
2687
7129
2152
8598
791
80
1923
3766
9542
8826
4291
6799
395
9646
7112
3344
7885
2446
4677
5931
4408
2946
9011
52
6037
8880
594
9366
1655
7594
3738
604
7250
8021
9728
3507
5462
5121
6981
9017
3385
5977
2328
2177
3426
2489
8684
1239
7569
4199
5764
4026
7901
9376
8634
987
5878
9328
7055
705
7144
1676
2285
9334
3409
2816
5896
1169
8953
3536
6402
7344
6400
7501
4014
8242
2663
1911
8893
7311
2548
1513
8436
5845
5848
9766
1983
6000
653
2093
1854
1956
3001
6251
6669
5050
2144
3182
2754
645
8838
4018
1472
3776
2545
5546
4152
1862
220
4428
3343
4061
6680
3913
1306
9135
462
4743
6742
5095
6208
7021
1876
53
2957
715
1425
6782
8067
7668
6916
9027
4350
521
9729
2299
7743
9411
6122
5680
3688
3436
2997
3731
9699
5594
1641
1213
6002
8585
866
2468
3154
2244
6004
486
6201
8736
6540
7828
4910
1637
9873
126
4455
6442
5002
5991
9037
5548
7785
69
9517
4842
5173
3959
5208
8112
325
8403
2745
7790
4216
1835
8086
6517
8882
2363
8928
7742
481
2354
1493
9046
302
187
9525
3929
7038
231
7793
7754
440
4792
5487
8636
5937
6364
5482
6768
1555
7188
4535
6524
12
2113
5170
8068
2979
1386
6823
2680
4853
7851
812
3418
2957
3518
5627
970
3763
7183
9710
2768
5931
3406
2179
100
1534
2742
303
7101
3686
1605
9039
7221
9570
2440
5449
8006
7385
1877
5569
8324
6972
580
5015
1733
2340
1626
9854
913
6779
5939
6184
658
3286
1963
8108
2504
7567
3514
4474
1436
1986
5866
7941
767
4157
6614
2063
6590
3034
1328
1475
7732
3945
8639
2683
8204
3766
2148
5425
4225
2203
9463
6947
2373
9038
1267
7520
1194
1674
8106
8430
3776
6315
8758
8078
2652
3779
6990
360
8657
4522
9409
128
1149
4802
2610
1866
2851
3800
3167
8777
6336
8390
2608
2291
7612
5062
8025
5488
6463
3137
3948
8353
9214
7878
4222
8862
1537
1190
1316
3096
3666
9419
6778
6925
931
1289
4639
6377
4684
5389
4625
1017
1489
5346
5168
219
1628
1170
8610
4738
4172
8697
355
5846
8985
8198
6278
8760
7442
9323
9980
8643
3141
3251
7423
7517
3386
4963
1580
1612
4845
7769
5932
2182
7015
3729
5069
7649
4104
9687
4545
5178
5139
1654
1715
9825
981
2703
1201
896
9507
5701
8074
5228
1791
6421
1750
6485
2998
9300
8332
4312
3658
3776
6212
8099
3751
136
2938
9368
6276
5720
475
7979
537
6220
9216
7974
8615
8165
9460
3116
6215
5674
7747
5481
8723
5046
6833
4040
731
9855
5235
5631
342
1111
3454
53
4166
5627
459
4692
6229
3065
5748
8730
2273
7054
1998
5817
7842
413
5714
8925
3300
876
906
5118
4230
4681
6484
2843
9309
3225
5670
855
2869
6417
6286
9760
3798
7694
2820
9865
5263
4862
7536
8650
3153
9457
8609
5358
9834
2122
5057
5738
5053
160
5858
6525
3019
6066
7540
2850
2704
6631
407
8770
8844
1426
1960
4439
5004
6548
8714
3819
2564
2588
4866
7712
4732
8393
3294
4169
6404
6417
6370
8452
9669
1162
9713
139
6534
8357
2437
5328
8823
9130
5004
8630
9102
4750
4127
846
9548
3778
4175
6031
1642
8982
1486
4063
8469
1818
9880
4862
7300
8660
1932
4930
8002
5277
2011
4364
1852
726
2475
5849
9112
1577
3816
293
1520
8442
4248
3866
3370
4508
2345
3959
8837
128
5050
9692
2946
1896
4147
1361
8620
7705
9537
3157
7286
1391
3170
452
608
6858
6425
4562
533
5494
4351
9381
4836
2905
902
543
7497
5574
8011
5416
3592
3358
8776
7114
3301
5110
8387
150
2978
9107
1814
5716
38
434
7003
5111
9783
3348
9012
8271
820
5287
3781
7368
7969
4688
8143
6784
1263
5315
3353
3222
1623
6069
9436
2302
8627
265
6204
8321
778
3895
9951
6065
1574
1275
1563
9961
5348
4649
144
7907
1511
7486
4846
4804
1353
7345
6340
8562
6943
7625
1303
8437
2679
6712
2412
2155
5233
2549
4914
5654
8775
8615
1775
7408
9994
4733
4053
3999
6955
7195
6720
7811
5203
623
1087
2299
5536
1410
6668
5912
5884
6666
4698
4938
9307
475
234
1990
7857
2910
3722
4441
4221
9994
602
6214
8438
9054
7853
1147
3473
2096
3433
8642
6940
6736
8890
7347
2618
1078
9833
7655
7004
443
3860
807
2104
8771
8331
6499
2168
1607
438
3342
4529
8033
8566
6550
2510
1488
1591
4594
3337
6060
6958
9269
2518
4307
629
671
2364
5538
208
802
6641
5855
923
6481
9489
2595
8722
4501
8858
9781
1148
7097
7926
6561
5173
1653
2678
2408
8695
1497
4808
1697
1972
1471
1877
2029
7315
9346
4682
1480
1636
1630
4560
28
3522
5117
6794
3343
916
7168
7259
9788
2063
6751
4225
4927
2108
8199
3730
938
8865
1762
97
7013
6911
3621
3053
9410
8696
9458
7718
7550
8506
1310
9421
5700
2397
7133
7176
3852
8052
3561
2318
4368
3507
194
9285
6190
2446
3343
21
3930
970
7330
2232
2507
5075
7994
3921
7254
7464
6466
3271
6328
6742
4279
5804
3836
5792
3206
766
5948
3896
5172
2041
5653
7853
5927
1350
6467
6112
7042
9669
235
6100
9054
4722
6520
1955
835
9911
7820
5495
1462
5918
136
6412
4684
8129
3128
2223
2381
368
1877
4130
484
7342
7470
7695
7266
1209
9009
7862
3619
8180
7378
8277
9480
1379
894
5203
8627
1394
5674
3130
2306
1361
2500
6959
5570
1408
235
7214
9572
7155
475
3094
429
2371
3712
5407
2344
5041
5788
9748
4966
5495
1635
7328
7958
2461
9475
9753
6303
7989
5506
4260
7130
7540
2479
8643
6268
5373
4218
8658
3601
4667
8976
2938
7381
8186
9311
2799
3739
7443
1928
8813
9216
4355
7810
1050
5162
3814
5034
3943
5307
5125
4296
3512
7313
4954
1134
5662
1455
843
2650
9534
9206
4699
2282
96
3277
1496
2687
6757
2961
9970
8585
1973
4949
4778
4306
2373
5354
7730
7272
1618
2649
3990
450
9244
4461
6119
8035
9122
6655
2176
4620
2086
8649
5143
7036
540
2236
4738
3379
9572
4556
8786
3268
5314
6968
8113
9657
8518
9128
4916
2896
637
6176
5629
6322
7684
4273
5167
8148
5347
4591
8430
5431
3950
4589
7827
331
467
6755
522
8576
5121
9666
2552
7660
6790
1390
2476
7049
7858
1882
1968
8534
2077
6226
5468
557
4770
7121
6583
8757
3095
6915
9547
1822
5610
8901
8308
5113
4937
297
9189
7530
7166
3669
2935
2886
2533
8651
3422
8551
7004
6547
6171
7614
2886
9172
8599
6391
3611
3633
9491
7576
2448
3264
6777
1588
2638
8183
2142
220
1010
9807
1543
6629
672
1515
5364
4037
4805
4881
7773
982
7368
2038
2280
893
3947
3449
4420
5300
7876
9813
1078
8339
2755
5690
6365
8334
8319
726
6628
2520
1537
7324
227
597
6188
7142
1586
8620
7880
5799
5244
8652
8298
3145
9339
9190
9713
1237
7558
4856
3504
1634
4756
9321
1171
1236
4651
5072
5647
1125
3626
3679
3451
4226
8991
3405
1829
9644
582
3330
8546
3423
8894
5979
5222
5311
9353
5309
4188
877
1809
1798
6355
2810
5570
6511
8485
1779
3719
8493
9588
698
3253
935
2243
2805
1534
5314
8207
4464
339
8248
761
1789
6905
6168
8833
3564
9766
7094
7535
2917
6584
2147
6417
2994
4803
2551
140
6602
357
8443
8833
8488
536
5187
4463
7786
3
1512
4734
7685
3517
4100
5855
6310
1407
3286
221
9043
6037
4262
4447
8912
5681
7347
4174
1854
203
4919
6302
5758
3673
9820
522
5251
9303
264
992
8677
1316
6755
6982
4417
6680
4105
7848
9422
3109
3099
8000
6970
5066
2848
1504
5619
3838
7577
958
3570
7983
4338
5357
4402
9671
4277
2580
4383
6199
9640
9293
313
4883
790
1772
8503
5178
1580
2426
7176
1216
3785
8541
5860
7081
600
9685
2753
1156
4619
4982
3571
5026
4189
9981
2507
5426
5289
4545
7711
3947
4329
9128
9770
6405
3431
1555
2682
7124
5919
9254
1176
82
3525
4680
3589
4727
9043
9651
2623
712
5531
7833
6627
1113
283
1364
7308
1040
9246
2375
4457
6376
1742
902
8637
7534
7576
8286
5488
2092
9608
7027
2403
4688
675
5653
2945
1432
5668
7710
9681
1324
1422
7466
3543
4871
5280
4915
186
2259
5574
3497
9776
7281
8556
4650
8006
8082
2958
1187
6828
5253
9146
3731
381
3918
2695
6440
9436
8862
9151
4297
6409
4469
8792
1663
8259
5281
7808
9681
9112
7105
1814
5835
8232
6586
902
9065
8952
8565
3116
8453
5714
8932
5242
3163
2345
8879
3076
7398
4938
3664
2809
2457
3726
7158
8668
2572
844
554
6480
6528
9995
6812
7730
865
373
2104
9376
4823
1960
699
9576
5689
326
6092
7739
4911
4236
2681
672
594
2783
9631
5668
1538
2306
9093
2911
5363
5492
3382
8483
4501
887
9017
8142
3215
8011
1295
8798
1336
73
248
9252
993
8460
3810
7105
1522
2505
4431
9725
3727
9503
7281
5430
759
185
2949
4661
6089
1585
7338
5773
4196
8735
5260
7373
4297
5310
5921
7253
9007
4640
7567
5285
8531
3832
6921
7952
6441
1397
7396
3247
2515
8014
3578
1747
5421
4936
2586
2306
5539
2581
9513
7730
2944
8999
6137
8900
8964
6691
4004
7992
2080
8432
4278
7710
8753
2894
9893
8173
759
5635
4910
3452
1601
6640
7036
5037
152
8467
9927
4890
7700
7030
2551
6823
5134
3220
772
135
3363
3372
6428
3451
513
3118
5871
949
2641
4674
1579
5643
3698
3992
9615
5526
7582
2153
9470
5626
4795
3693
3282
9152
576
9174
217
8975
8929
394
5825
7946
1353
254
28
2131
3508
4109
6672
1260
8950
3016
1710
7710
5419
151
5996
8466
6908
6078
3105
2061
3819
2074
9869
8138
1739
9915
9523
7759
3662
5484
8691
9312
2941
9677
8856
6642
6542
9890
8971
1960
5349
900
4050
9194
2633
7973
1529
5604
8609
4065
5163
4219
5531
4656
2493
7657
6921
5607
1111
5177
8905
6079
7664
1775
5856
1053
8405
3678
5586
352
5461
4829
6336
9866
7644
7764
6654
9589
298
2192
5536
4759
2528
2070
7520
5984
7718
3508
1711
3440
5132
8979
3398
9958
4395
9961
7399
2659
8822
8795
3749
3388
5842
3055
1404
7998
1888
5935
3183
4252
9827
3626
8669
7396
7267
9236
1086
6944
7244
190
4399
3833
7251
7504
248
5397
5079
7315
6599
2129
1088
9595
5243
6842
7542
7537
4446
4644
9824
2335
2911
958
248
2485
7116
8765
5208
4776
9
3044
9843
250
9231
3061
6514
2821
3748
3202
9481
1200
1218
1004
5958
9956
7
7645
8853
7561
7993
4769
6083
7705
5475
6286
6813
5398
6705
8900
2531
9895
6548
5519
9327
5261
8914
3722
636
8692
5165
526
7733
4150
9678
9609
1148
3593
6350
6569
5363
9289
8705
1799
7626
8400
3423
9664
9206
8593
4272
5326
3530
1124
9892
7638
7540
1067
9420
4603
3142
6835
8392
9264
6864
3895
5934
7050
3175
8671
852
1795
1380
7685
4986
9163
8203
3688
471
6681
7846
8809
4062
5904
2046
2755
2780
1245
4326
4536
8641
1100
8755
6246
4569
5273
1324
5896
5622
6964
8378
9993
1564
2687
9244
3683
8552
4913
3850
549
5182
3341
2531
6548
8189
8460
6533
1416
8817
4854
5224
7415
6262
8688
1704
1631
7379
2176
2430
189
698
2844
3065
8587
7659
4272
9166
8293
7184
1390
3849
4156
7992
2959
639
3732
2739
4568
9042
7064
4183
1864
9792
1693
8557
1405
2152
8564
3803
455
9097
5193
5343
180
5673
5097
1428
859
480
8320
3316
1620
47
4784
1899
4004
7807
1006
3331
7270
4058
5174
6514
2325
4944
2878
2524
2566
1895
5976
949
1250
5603
8546
9287
3474
8862
7991
381
6019
1652
6312
9226
