2518
6291
652
4604
2574
4054
5288
8749
825
360
7628
5979
5282
1052
8203
8237
1583
8747
3589
5216
2307
46
4306
6778
8159
4979
8029
5335
4143
6360
1058
129
1837
6444
4392
5347
7038
2411
9452
8686
1651
7660
130
4462
4552
9197
9583
6180
3201
5130
5908
419
4627
6206
8935
4838
1967
5930
9203
8154
6582
4125
2384
8387
6765
434
3821
9725
7704
3392
9042
1866
9642
4912
8113
8435
6366
4682
9462
6611
9302
5163
5433
5442
9372
7043
9906
9974
5907
552
3559
5692
6766
8861
7980
61
7345
6232
1368
8907
73
3429
7004
5424
4194
9574
2800
5389
3186
4802
8245
9655
9991
1737
4110
5853
4700
7269
3633
1827
3314
5156
5567
2416
6320
3707
9352
3541
5854
6111
5315
2464
7593
9912
5430
4906
2851
4260
7390
752
6967
9856
6713
604
7524
2951
2706
6554
9204
4240
8026
682
5446
6228
1029
6304
1012
6466
8658
4960
4182
4701
9136
5859
2487
4344
2580
9752
7931
8711
9169
8861
8014
2843
6596
9345
1864
180
5856
1927
6175
2225
2001
8824
6432
5042
295
9266
7500
875
403
7048
3738
6932
9487
6338
9623
7577
4891
369
8914
3843
8913
8929
1470
2666
4462
4442
1400
5144
5653
1913
7329
3830
472
6119
3870
4536
3251
7151
9236
1842
2903
5569
9126
9450
2158
109
4403
9117
8934
8536
2601
5110
9002
9428
3705
1517
3674
7956
4662
4443
8849
5236
2916
8120
5707
7524
2555
5157
1621
7237
6286
4562
6890
3707
4059
5957
3149
1161
2621
1752
6197
3710
6581
5783
8523
3129
8490
1749
9362
3836
426
5244
7985
2862
1298
4811
9548
3441
5218
5723
8733
3921
7841
6515
3603
4035
6726
3866
2299
1367
3771
1621
1637
8653
3697
2774
4148
9478
3088
6370
6066
1656
6655
1957
738
774
4896
3010
9851
7689
6107
4826
9035
4070
6972
1988
1397
5992
8472
9480
5297
6833
409
3303
7715
364
5517
2682
3397
8718
4120
4973
3013
9319
9995
5936
6444
9734
1003
2786
234
4002
5109
2148
9402
5171
2982
2202
5053
2305
5168
9095
3915
4165
7170
2812
9244
6313
5721
3310
9348
2257
106
6544
2843
8939
4098
4302
1899
2202
4665
4527
2680
8782
6871
8161
7745
6663
6002
6312
4701
921
6509
6967
6498
6509
5823
9920
498
1375
2488
7867
5292
9117
9188
2010
3656
6023
3119
8259
2198
5185
8861
7592
3431
4823
453
2075
4770
4575
3201
6140
3126
7757
146
7339
9415
581
9202
8374
6077
2225
5125
5714
843
8890
9206
7190
4506
2103
9420
1613
1920
1002
1853
4890
9601
6681
6155
5529
6573
997
8909
3945
2393
8764
4836
7933
7386
2399
4119
7912
4306
3802
7523
5797
2877
4825
6185
891
7747
1472
7526
1238
7029
7519
8904
5394
3675
546
7467
693
8725
1183
372
1477
5911
2534
8419
8290
4500
8320
2358
7107
5490
4011
3712
4468
8421
1545
7354
167
6697
3810
5839
6370
5770
4441
1940
7165
6279
4390
7747
8732
1481
8713
9876
1269
8445
3292
499
4183
4674
5848
373
449
1621
4043
1320
6772
2673
6132
1765
716
2586
4144
3206
4448
3791
8477
3878
484
74
6139
1240
9444
7858
6129
3567
3541
494
5795
8590
119
5745
7896
8427
4116
1719
7993
9278
4872
9266
9234
3003
9839
4683
870
6781
112
2586
8105
3055
4733
6816
4287
1769
5566
7923
5804
3131
9652
7375
8182
2479
5751
8710
9752
9512
8129
1369
3786
1273
1802
9376
9832
3821
4828
485
4636
2595
3185
3529
8565
3105
2134
9570
5454
6056
8266
7330
4110
3377
5769
8062
9955
7754
6059
7051
7340
9584
3667
9762
8512
3466
2360
1514
9747
1773
1471
6140
9580
351
9530
4934
6169
3529
936
3762
5453
5783
7297
4230
1503
9137
930
1195
4968
1562
5160
426
649
8162
4909
926
5635
9019
3930
9879
2083
9523
9060
5564
8688
3672
4405
1482
9605
4043
4082
2325
554
6177
3701
1499
5634
244
5035
7304
6025
3509
6331
2765
5995
6416
6820
3843
7416
6876
7685
1210
2364
953
4723
5480
3958
4283
8712
5583
3786
9916
6245
750
2540
8497
3370
3029
9280
1514
3663
7122
5270
6352
8897
119
9132
6991
984
7529
1358
5231
6484
8067
662
1169
8296
2381
2817
5962
5282
3266
3151
8924
3403
6223
2583
7102
3439
720
7281
7559
8525
2890
2
2899
7018
8606
1523
4556
4152
7448
4312
1376
9621
309
9652
436
37
2180
156
2718
2944
5537
737
1162
9122
4526
1085
2090
3060
4481
3412
4461
9833
8979
758
1917
2893
9939
5306
255
2098
7987
2767
8406
8865
8980
2286
8978
3492
3952
6110
8888
8999
1810
4265
7535
5823
4257
8780
9739
8886
6434
4089
3365
279
4418
4826
5358
5388
8151
8167
7164
2455
1638
2958
2907
2447
5941
5699
895
904
6341
5635
7778
4335
2042
9361
4326
4126
7726
9475
7156
7083
7845
6616
8454
4182
2600
3086
5950
7393
9282
1225
2594
9039
5625
4715
581
333
222
5795
5423
9463
7002
3844
8997
5611
5843
6549
6166
2289
7016
4571
3952
1719
8106
6436
5771
3612
9351
3384
3960
5377
4705
3608
3860
4073
9542
2455
8259
9590
8269
228
9175
6868
5780
1257
9719
69
3232
7264
1052
2925
2124
7635
1344
6942
6729
8914
3197
3232
9546
9674
1869
4432
2824
7576
3045
7883
7990
4753
7349
5653
2750
7466
4932
5276
7680
1293
1690
5537
1289
8224
1320
3058
7781
9372
1520
2287
8181
2281
4504
5350
7498
619
1744
8451
9011
7380
913
8064
8058
7018
8016
165
8815
3449
3874
8093
6055
6302
4042
3578
4908
8352
6668
4695
5589
6984
3371
5320
9722
2959
3483
4757
6960
7815
4840
1778
8223
8402
8453
2087
4724
3825
4793
4710
7814
813
1608
5141
8031
735
5076
9480
4218
3780
9886
4412
3775
4210
1990
3864
3473
958
6466
1627
9502
7466
661
2474
1257
2177
7863
8311
6802
5151
4275
320
6023
5703
4414
4997
6625
414
1513
6176
5335
9997
2201
2387
4397
4377
9656
2334
9025
898
3063
8811
8984
9535
8257
4878
9675
8740
9790
6900
806
4990
442
8005
53
2834
2016
4630
5096
4322
5070
696
3170
9916
9465
2601
9258
8750
1160
9821
272
3107
4988
3359
5773
7414
2358
9190
1887
9970
6776
6990
5354
6834
8041
5321
9120
4624
2154
5113
6122
8472
11
9161
9717
2048
4410
8958
5722
8962
4650
9021
5250
4937
9581
7354
7840
1226
2060
2798
2246
554
4336
4836
4577
6130
5747
5055
1056
7484
890
335
9399
5251
8032
467
93
4090
4082
9625
7705
2303
3566
182
7743
5403
1999
4043
8360
7358
7272
8625
6983
1016
6571
6058
8820
1758
6017
3187
8135
3557
3635
1497
7582
9440
8727
3440
6215
2788
5785
8090
7650
5979
8706
3726
1890
4353
7216
820
6176
6208
4769
7085
9896
4839
3232
4549
832
6656
7172
7874
6917
7168
8386
5960
5265
9707
7092
3738
8218
8159
4667
5953
7200
3941
2182
2187
3174
9563
8513
6454
6503
8334
8501
9954
8143
110
7806
8423
615
8817
12
5565
2228
1025
5365
2975
6009
7861
3388
7172
1360
9949
2280
5679
9654
8081
8547
3296
7805
7286
9317
7592
8298
9900
566
5406
3172
5253
8114
764
2230
8999
4217
9221
6250
6362
6717
4552
2693
3576
2475
4444
2835
4630
8926
2925
7082
5810
9682
5615
2002
8285
2328
2754
5119
823
2129
7127
958
8988
3623
1730
9260
959
6034
3657
6327
2527
7996
7012
3472
3644
8450
6319
6213
8177
7772
3145
6782
8194
6066
695
9393
7600
7953
6397
5889
3605
1478
9184
3865
3596
9596
6537
5767
849
1441
7308
5451
805
8635
3089
2135
2080
9060
8064
9323
1518
8730
5614
8875
9071
2603
3490
8595
8433
5136
3198
3744
1323
4478
4982
3958
3498
5769
9392
6694
2376
7077
4641
4990
3093
8809
4419
1126
2615
7568
3520
7317
4232
6253
2009
1358
6091
2187
6042
4304
3298
9634
9964
1263
4153
4317
7379
401
5751
2980
3036
1879
33
4474
3913
91
2341
9601
3784
4063
7715
5475
4641
2703
8459
4455
2924
9552
3542
7069
8349
9658
9283
7922
4230
8394
3978
9043
709
4776
8318
1068
3436
4926
6742
992
3136
7035
3839
2794
8838
7687
9694
4849
9867
2714
1064
3991
1667
9466
8162
118
6533
2382
2449
3935
9709
1069
9682
4078
747
9399
9175
2276
871
3226
4449
1891
9218
3556
3651
9651
9884
2523
8658
6120
116
7964
2783
6542
8153
8005
7027
7413
3080
558
6922
7132
5965
7127
7290
8211
7652
2484
8585
7302
3233
6661
8854
4500
2078
4648
3295
4999
5909
6996
4688
8717
5784
1963
7762
4019
871
346
1677
1513
9783
1681
9298
9069
9545
8315
7272
5351
1162
4156
8979
5763
9733
9326
7083
2449
7627
2905
5104
2185
7910
538
94
1486
4880
5162
7936
7812
8154
7377
2938
4197
2740
5353
9117
6699
3665
7442
9140
7896
4468
1456
146
6590
7124
2083
7336
7677
9738
7083
3815
1457
7223
955
9148
5167
4035
8776
8879
3836
9681
8433
106
8507
7920
3874
7889
654
421
537
6436
4489
326
8511
7730
1232
5250
4118
3648
3584
8144
7363
4248
4607
9004
3514
6009
2188
2020
5284
2645
5179
2675
1381
9479
5940
5244
7564
5255
4062
2924
6307
111
8317
162
7078
3502
3283
6972
424
2901
2431
3961
3149
1972
5207
6100
1551
9855
9621
5059
6570
7767
5440
7556
6120
1838
9728
4599
6881
8322
6063
9670
6288
1202
3320
5719
8711
3543
2779
6630
746
4220
6340
1411
6483
5748
4024
229
1255
7118
8354
7887
8726
8404
9377
139
4338
6048
4035
9009
1437
6751
176
4521
934
2975
9571
8785
2997
7136
1810
2889
4442
7670
3604
6895
6921
9426
1397
3844
3646
6605
7882
7676
6650
3887
8565
62
1337
8877
3849
1103
5818
1313
8734
7850
8840
9145
9020
9450
3885
20
210
4444
6813
4256
4009
1025
2020
8860
6660
3612
2603
8207
8110
3717
1010
4176
4651
7130
7634
409
2174
8898
4733
4681
5394
9751
8664
3708
5795
9995
4530
6216
3625
1164
6738
9261
829
3691
8219
4255
5604
2144
6066
4774
3525
5647
377
9234
1937
5743
5864
2186
8695
5663
9010
3514
2658
4711
6054
9012
6883
5140
1306
9889
3823
4881
388
687
3689
9639
1632
8312
4492
8382
5145
9453
7915
666
1417
8345
792
2944
4219
630
7895
4005
121
7104
2851
9445
6807
2198
1956
4703
7135
5780
5995
2370
6248
7519
5175
9526
7090
1969
162
3788
9934
9712
2238
9312
7492
6875
9608
6986
6280
243
5717
7260
4477
9767
7630
8346
705
972
54
160
6711
1556
9360
5529
7280
8481
3690
9052
9532
7311
492
2600
5392
2522
2264
9128
4235
4349
2685
2461
2768
4266
4296
4826
9204
8706
8809
532
8068
9891
31
9305
751
9290
172
2675
2258
8749
6541
4925
6595
2382
5571
2763
9612
4848
6906
9061
7064
1830
8035
572
1061
6967
1703
7242
2570
2887
1722
997
5892
7346
10000
2652
8625
6133
1553
556
6106
1190
7396
9696
9251
5333
801
2811
788
2051
7402
670
1851
9540
5716
7318
7711
9368
2519
1975
9155
3656
3741
4125
3480
6026
4863
2252
1655
7646
36
1808
9968
3670
1524
482
6063
7235
6975
6187
1176
9468
6409
6825
273
7311
1189
4087
9512
7680
5264
6511
3673
1461
9625
525
9818
8670
4215
6862
4230
1682
2467
2036
21
4141
8660
6268
1989
3143
3065
3659
6514
6199
8728
2608
4783
7437
3027
2152
6780
7045
6066
7820
6889
3247
660
5164
1499
9746
5877
5989
4789
4358
409
7749
7876
9347
2832
1252
5104
9381
5710
8873
8907
3439
1939
8323
3664
6823
5344
9557
3031
6113
5157
229
8539
6244
4182
7433
3502
3208
5484
9226
3542
387
7348
4193
5971
516
5232
3829
8162
7207
9832
1995
1949
9058
8967
1166
8149
751
7831
8088
6576
2330
1760
7496
4770
8604
1456
3893
2949
1875
1715
4742
8705
7658
2316
2679
6441
5914
8366
1322
3479
1338
9960
5120
1451
2683
1334
1461
1780
1340
6474
9997
4195
5898
5839
8682
2613
257
3517
9423
4347
1798
4044
8166
7579
1577
9574
2420
6842
4687
7830
4664
3726
3772
4870
9591
3016
3517
8961
6191
2919
4085
3750
9905
4582
2281
4206
5003
8948
7091
5365
6728
5659
9329
4258
2000
9117
4730
6843
4005
8851
7581
783
4818
1732
1383
7522
3418
1697
807
9564
7362
1642
8315
9506
6443
7091
3111
5651
6152
7593
729
4871
6415
9380
4261
2378
2188
4841
5515
4214
8468
8128
8156
1252
997
1589
9902
1828
1992
5267
4894
5687
5248
4404
38
2679
5069
8106
5911
5824
2999
4130
4097
3293
6504
6315
5669
8791
3845
2626
3969
3772
1527
3351
4893
754
8472
3369
3039
8766
8093
8483
7676
5652
5370
3082
864
184
1112
2715
1150
6827
3002
2366
3656
4018
4954
7887
8425
2929
8743
6098
4409
4198
5285
227
7342
1155
627
2393
5251
1763
8931
5286
3651
9966
2799
416
2843
950
7812
6150
9985
7633
2277
698
1745
2621
6728
2505
8891
1413
1963
9337
5545
4225
6455
3586
7748
7742
2478
2099
5626
9261
4155
8763
2254
4107
5311
4443
9086
4174
9971
9464
5293
5979
7938
1190
1276
4368
5534
5590
4519
6268
5703
9649
8212
9413
982
6328
756
6391
7635
9307
6484
1948
3036
5794
4568
6486
7679
1764
5990
2443
6928
1737
8808
1877
3860
1788
3764
2748
5209
9324
7527
6903
366
5354
562
1596
586
1061
3488
4485
6443
7399
2819
2869
3412
8101
6731
9537
2361
9530
2620
9071
2516
834
162
730
8865
6937
5409
1126
9306
666
9741
2186
7926
8407
95
1648
2456
9959
5559
3475
8947
4348
3508
5422
4703
430
6365
4897
5651
561
6790
4899
799
3923
8011
9144
7255
7014
7582
2194
8162
186
1808
8425
3939
3100
5011
5416
1942
4560
847
7636
97
7293
5211
3159
2404
6217
4896
3901
513
3168
747
5801
5570
3603
8459
6816
8530
4802
3998
7012
7412
2380
3576
8810
7510
6384
239
5998
8412
8701
1351
2312
7346
8714
9431
4248
7716
7926
5049
1059
3507
8422
6017
5328
1016
7822
957
48
5930
2932
421
9692
3984
57
5308
4172
1777
9645
3095
3225
3013
5695
1431
3464
6153
1616
4409
9879
4345
3014
8563
8546
1920
3984
5098
5893
9679
9999
5042
5938
9841
3258
1065
7357
7846
2644
2519
2746
1568
5635
5469
5952
686
7279
7960
8359
2501
2491
2339
8133
6126
9971
5839
143
9317
301
8300
9422
8335
8629
3454
4660
26
2313
3699
8980
6138
7490
3806
9378
9120
2262
9168
1052
4085
623
5962
8350
9794
7102
3582
6978
4757
6436
7966
6199
210
1971
671
8700
7360
2490
2573
2724
4888
62
3111
4887
9244
6955
7694
5899
3723
8277
3192
6806
1735
1130
2607
9572
1670
3756
8632
5381
7574
7697
2047
4797
9911
5003
7299
2786
758
5321
5998
6196
7381
2293
4364
4358
7074
7707
7071
7419
6221
5834
5526
2198
5955
7909
6690
7871
9223
6171
337
315
3267
8344
4007
1781
9975
5736
7622
5284
7211
6108
5450
3804
9044
7666
3818
363
7595
5805
9422
2234
3885
3580
4423
7377
1489
2876
7553
6267
3034
585
1416
4612
3838
1847
7156
9170
2354
5636
7039
2365
1802
4530
9416
2752
2849
2717
8369
5628
958
3702
5423
6283
5829
7186
3119
8647
2028
7929
2715
6358
7466
4330
7122
2299
7226
4675
9592
1024
4547
1286
2135
5508
5531
5247
986
8153
5523
6925
7856
8292
9106
9007
2550
3661
9891
8762
8649
1393
385
8189
646
1455
3014
3545
7228
6143
1566
4793
2470
1546
8047
4573
6149
1060
4115
5182
3727
3302
556
8460
2151
7811
2065
8107
1372
8456
3279
1547
1644
4306
1177
5195
1163
7998
6295
9902
8852
8365
2284
2551
7407
2498
4265
6975
9428
975
2730
6129
6738
8178
7463
3731
1419
3399
5687
7246
9004
7736
6064
2699
4840
5837
1762
1048
6351
5158
4074
7557
2122
8954
1891
9485
6895
9598
6211
9458
7968
9295
4352
6039
9621
3881
3076
2518
273
1925
5494
9824
2014
1842
5981
6748
5798
8730
4305
3307
5893
852
3568
4792
6398
3920
471
2443
331
6092
870
7828
1250
9816
2655
8069
7212
205
4502
2579
3729
7276
1191
7336
9729
7993
7153
5786
6175
25
3953
828
2911
4594
4336
2363
2850
5459
4539
5926
6886
1780
3819
4778
9251
568
4501
2348
1481
5608
2742
7112
7054
3480
2960
1431
9439
7645
3663
7377
4145
8051
7055
1728
3137
258
9173
1133
8682
2049
5229
7584
146
6262
3751
3865
5503
5175
5612
5791
5654
7877
7167
6578
5263
386
1366
8239
3865
2879
274
3502
6589
9492
6858
4166
7838
7569
6313
5340
2024
768
8381
7037
7456
4897
5703
9097
1494
6406
4748
8934
4409
1007
686
7704
7584
944
9347
4892
824
4375
1238
3723
3359
3160
6517
5201
7902
7308
7111
8386
5230
312
5033
594
2400
6049
3126
8898
6039
3380
8917
9760
7383
3562
61
80
9407
9946
8874
8619
6229
2709
859
9652
4561
6296
2019
8676
1695
8197
9916
6417
4537
5162
1370
2529
3057
2116
5413
1085
2737
5288
3566
9139
3072
4331
4769
9936
292
4391
4033
9885
74
189
1062
1192
6947
4030
3799
7142
1910
1028
220
1193
1355
3984
3965
5197
6349
3714
1822
5461
9981
9040
7617
7276
3875
4062
8559
3952
537
9619
4453
556
4184
8445
433
6548
9523
598
6894
8199
3733
2303
8085
4268
8560
4570
6349
1684
4127
8226
4391
925
4714
4223
5053
4533
1822
7745
5526
5659
5956
3819
6225
5049
4524
4895
1628
1544
3945
4505
3032
277
4464
7003
1038
5562
8700
3005
9796
2701
7520
7686
5078
1307
6588
7677
9499
6187
2716
